  0.58  0.69  0.48
 -0.22  0.00  0.00
 -0.18  0.56  0.88
  0.31  0.40  0.85
  0.52  0.16  0.62
  0.50  0.03  0.85
  0.74 -0.10  0.99
  0.11  0.33  0.98
 -0.58  0.27  0.87
 -0.77  0.52  0.39
 -0.65  0.70  0.09
 -0.44  0.77 -0.29
 -0.60  0.50 -0.46
 -0.67 -0.05 -0.71
 -0.45 -0.54 -0.47
 -0.64 -0.89  0.02
 -0.58 -1.03  0.16
 -0.29 -0.95  0.47
  0.04 -0.53  1.00
  0.19 -0.11  1.03
  0.37  0.19  1.00
 -0.05  0.48  0.86
 -0.01  0.76  0.51
  0.19  0.96  0.50
  0.45  0.88  0.10
  0.63  0.49  0.42
  0.28  0.38  0.86
  0.18  0.16  0.90
  0.37  0.05  1.03
  0.33  0.15  0.99
  0.64  0.01  0.97
 -0.10  0.28  0.88
  0.24  0.62  0.96
 -0.70  0.27  0.89
 -0.16 -0.08  1.06
 -0.32  0.18  1.04
  0.00  0.02  1.07
  0.17  0.00  1.16
  0.05 -0.08  1.03
 -0.33  0.27  1.21
 -0.20  0.26  0.96
 -0.29  0.43  0.86
 -0.49  0.52  0.85
 -0.67  0.63  0.57
 -0.97  0.27 -0.07
 -0.87  0.22 -0.44
 -0.61  0.42 -0.68
 -0.18  0.33 -0.80
  0.07  0.34 -0.93
  0.18  0.57 -0.74
  0.42  0.73 -0.53
  0.61  0.60 -0.13
  0.62  0.49 -0.42
  0.90  0.37  0.00
  0.90  0.17  0.10
  0.95  0.15  0.29
  0.68  0.09  0.74
  0.68 -0.01  0.77
 -0.02  0.09  1.07
 -0.08  0.29  1.16
 -0.34  0.28  0.97
 -0.16  0.02  1.02
 -0.14  0.21  1.06
 -0.14  0.07  1.03
  0.07  0.00  1.12
 -0.11 -0.11  0.98
  0.22 -0.09  1.12
  0.10 -0.05  0.99
 -0.35  0.18  1.09
  0.13  0.51  0.74
  0.25  0.39  0.98
  0.50  0.00  1.04
  0.38  0.31  0.65
  0.14 -0.16  0.97
  0.44 -0.25  1.02
  0.27 -0.03  1.13
 -0.47  0.09  0.94
 -1.20  0.43  0.44
 -1.03  0.05 -0.44
 -0.58 -0.01 -0.43
 -0.55 -0.01 -0.69
 -0.43  0.07 -0.60
 -1.02  0.03 -0.25
 -1.02 -0.26  0.34
 -0.34 -0.08  0.98
  0.30  0.14  0.93
  0.65  0.40  0.66
  0.85  0.47  0.38
  0.90  0.66  0.00
  0.85  0.48 -0.30
  0.50  0.67 -0.24
  0.14  1.13 -0.08
  0.32  1.03 -0.35
  0.73  0.64  0.62
  0.42  0.38  0.72
 -0.02  0.40  0.77
 -0.28  0.42  1.15
 -0.15  0.17  1.02
 -0.15  0.33  1.03
 -0.23  1.03  0.30
 -0.19  0.93 -0.24
  0.04  0.67 -0.59
  0.17  0.58 -0.65
  0.23  1.34  0.30
  0.03  0.46  1.12
  0.14 -0.20  0.94
  0.41 -0.73  0.63
  0.10 -1.08  0.59
  0.15 -1.05  0.58
  0.04 -0.85  0.55
 -0.04 -0.14  0.96
 -0.05  0.30  0.82
  0.08  0.10  1.09
  0.03  0.06  1.07
 -0.04  0.05  1.08
  0.10 -0.02  1.00
  0.04  0.01  1.04
  0.03  0.01  0.96
  0.03  0.00  0.96
  0.08 -0.06  0.97
  0.45 -0.04  1.37